4294967279,317
706,4
706,3
706,2
706,1
4294967294,223
705,4
705,3
705,2
705,1
4294967294,1425
704,4
704,3
704,2
704,1
703,4
703,3
703,2
703,1
702,4
702,3
702,2
702,1
701,4
701,3
701,2
701,1
700,5
700,4
700,3
700,2
700,1
4294967294,1449
4294967294,1448
4294967294,1424
4294967294,439
699,6
4294967294,1447
699,5
699,4
699,3
699,2
699,1
698,4
698,3
698,2
698,1
4294967278,380
4294967294,1446
4294967279,316
4294967279,315
4294967278,378
697,4
697,3
697,2
697,1
696,4
696,3
696,2
696,1
695,4
695,3
695,2
695,1
694,4
694,3
694,2
694,1
693,4
693,3
693,2
693,1
692,4
692,3
692,2
692,1
691,5
691,4
691,3
691,2
691,1
690,6
4294967294,1445
690,5
690,4
690,3
690,2
690,1
4294967294,1444
4294967279,314
689,4
689,3
689,2
689,1
4294967278,424
688,4
688,3
688,2
688,1
687,4
687,3
687,2
687,1
686,4
686,3
686,2
686,1
685,4
685,3
685,2
685,1
684,4
684,3
684,2
684,1
683,4
683,3
683,2
683,1
682,5
682,4
682,3
682,2
682,1
4294967294,1443
4294967294,1442
681,6
681,5
681,4
681,3
681,2
681,1
4294967294,1441
680,4
680,3
680,2
680,1
4294967278,377
4294967278,376
4294967279,378
679,4
679,3
679,2
679,1
678,4
678,3
678,2
678,1
677,4
677,3
677,2
677,1
676,4
676,3
676,2
676,1
4294967294,478
675,4
675,3
675,2
675,1
674,4
674,3
674,2
674,1
4294967279,313
673,5
673,4
673,3
673,2
673,1
4294967294,1426
672,6
4294967294,477
672,5
672,4
672,3
672,2
672,1
671,4
671,3
671,2
671,1
670,4
670,3
670,2
670,1
669,4
669,3
669,2
669,1
668,4
668,3
668,2
668,1
4294967278,375
667,4
667,3
667,2
667,1
4294967294,476
666,4
666,3
666,2
666,1
665,4
665,3
665,2
665,1
664,5
664,4
664,3
664,2
664,1
4294967294,475
663,6
4294967279,312
663,5
4294967279,311
663,4
663,3
663,2
663,1
4294967279,310
662,4
662,3
662,2
662,1
4294967279,285
4294967278,374
4294967294,224
4294967294,474
4294967294,270
4294967278,360
4294967293,131
4294967293,130
4294967293,129
4294967293,128
4294967293,127
4294967293,126
4294967293,125
4294967293,124
4294967293,123
4294967293,122
4294967293,121
4294967293,120
4294967293,119
4294967293,118
4294967293,117
4294967293,116
4294967293,115
4294967293,114
4294967293,113
4294967293,112
4294967293,111
4294967293,110
4294967293,109
4294967293,108
4294967293,107
4294967293,106
4294967293,105
4294967293,104
4294967293,103
4294967293,102
4294967293,101
4294967293,100
4294967293,99
4294967293,98
4294967293,97
4294967293,96
4294967293,95
4294967293,94
4294967293,93
4294967293,92
4294967293,91
4294967293,90
4294967293,89
4294967293,88
4294967293,87
4294967293,86
4294967293,85
4294967293,84
4294967293,83
4294967293,82
4294967293,81
4294967293,80
4294967293,79
4294967293,78
4294967293,77
4294967293,76
4294967293,75
4294967293,74
4294967293,73
4294967293,72
4294967293,71
4294967293,70
4294967293,69
4294967293,68
4294967293,67
4294967293,66
4294967293,65
4294967293,64
4294967293,63
4294967293,62
4294967293,61
4294967293,60
4294967293,59
4294967293,58
4294967293,57
4294967293,56
4294967293,55
4294967293,54
4294967293,53
4294967293,52
4294967293,51
4294967293,50
4294967293,49
4294967293,48
4294967293,47
4294967293,46
4294967293,45
4294967293,44
4294967293,43
4294967293,42
4294967293,41
4294967293,40
4294967293,39
4294967293,38
4294967293,37
4294967293,36
4294967293,35
4294967293,34
4294967293,33
4294967293,32
4294967293,31
4294967293,30
4294967293,29
4294967293,28
4294967293,27
4294967293,26
4294967293,25
4294967293,24
4294967293,23
4294967293,22
4294967293,21
4294967293,20
4294967293,19
4294967293,18
4294967293,17
4294967293,16
4294967293,15
4294967293,14
4294967293,13
4294967293,12
4294967293,11
4294967293,10
4294967293,9
4294967293,8
4294967293,7
4294967293,6
4294967293,5
4294967293,4
4294967293,3
4294967293,2
4243767290,0
4243767289,0
4243767288,0
4243767287,0
4243767286,0
4243767285,0
4243767284,0
4243767283,0
4243767282,0
4243767281,0
4294967293,0
4294967279,86
4294967279,87
4294967279,522
4294967279,560
4294967279,561
4294967279,203
4294967279,570
4294967279,202
